H8AZ02235|YUKSEL, YAHYA|O|1|DEM|0|0|478.56|0|-1680.27|-2158.83|0|0|0|0|0|0|0|AZ|02||||||0|0|02/05/2019|0|0
H8AZ02201|MARTIN, BRANDON RAY|O|2|REP|0|0|0|0|0|0|0|0|0|0|0|0|0|AZ|02||||||0|0|02/01/2019|0|0
H8AZ02227|MORALES, DANIEL ROMERO JR|O|2|REP|0|0|79.3|0|79.3|0|0|0|0|0|0|0|0|AZ|02||||||0|0|01/31/2019|0|0
H8AZ04140|BRILL, DAVID H|C|1|DEM|0|0|0|0|0|0|0|0|0|0|0|227612.63|0|AZ|04||||||0|0|01/01/2019|0|0
H8CA09144|LIVENGOOD, MARLA|C|2|REP|1000|0|4750|0|3750|0|0|0|0|0|0|0|1000|CA|09||||||0|0|02/21/2019|0|0
H4CA10075|EGGMAN, MICHAEL RAY|C|1|DEM|12.61|0|4298.39|0|4285.78|0|0|0|0|0|0|0|0|CA|10||||||0|0|01/29/2019|0|0
H8CA10175|MADUENO, VIRGINIA|C|1|DEM|0|0|0|0|0|0|0|0|0|0|0|0|0|CA|10||||||0|0|01/17/2019|0|0
H6CA25177|CAFORIO, BRYAN|C|1|DEM|0|0|0|0|75.76|75.76|0|0|0|0|0|0|0|CA|25||||||0|0|02/07/2019|0|0
H8CA25082|PHOENIX, JESS|C|1|DEM|0|0|978.58|0|38.62|-939.96|0|0|0|0|0|0|0|CA|25||||||0|0|01/21/2019|0|0
H8CA25124|MASTERMAN-SMITH, MIKE|C|1|DEM|0|0|0|0|5028.95|5028.95|0|0|0|0|0|6356.5|0|CA|25||||||0|0|01/31/2019|0|0
H8CA26122|BURUM, JEFFREY DAVID MAJ (RET)|C|2|REP|0|0|0|0|0|0|0|0|0|0|0|0|0|CA|26||||||0|0|01/15/2019|0|0
H4CA28077|STOKES, STEVE|C|3|IND|51.88|0|153.32|0|135.39|33.95|0|0|0|0|0|0|51.88|CA|28||||||0|0|02/14/2019|0|0
H8CA37293|BASSILIAN, RON|C|2|REP|0|0|0|0|239.58|239.58|0|0|0|0|0|3750|0|CA|37||||||0|0|01/30/2019|0|0
H8CA39133|JANOWICZ, PHIL ANDREW DR.|O|1|DEM|177769.45|0|180801.91|0|3032.46|0|177816.95|0|0|180612.88|0|0|-47.5|CA|39||||||0|0|01/28/2019|0|0
H8CA41170|SMITH, AJA|C|2|REP|0|0|332.72|0|332.72|0|0|0|0|0|0|0|0|CA|41||||||0|0|03/06/2019|0|0
H4CA42086|SHERIDAN, TIMOTHY J|C|1|DEM|0|0|22704.72|0|22704.72|0|0|0|0|0|0|0|0|CA|42||||||0|0|01/29/2019|0|0
H8CA48076|KEIRSTEAD, HANS|C|1|DEM|0|0|103906.72|0|103906.72|0|0|0|0|17240.59|0|0|0|CA|48||||||0|0|02/04/2019|0|0
H6CA48245|BAUGH, SCOTT|C|2|REP|59503.16|0|123711.47|0|64208.31|0|6.61|0|0|2000|0|0|57700|CA|48||||||0|0|03/31/2019|114400|0
H8CA51062|HIDALGO, JUAN|C|2|REP|0|0|2657.63|0|2657.63|0|0|0|0|0|0|0|0|CA|51||||||0|0|02/13/2019|0|0
H8CA52102|QUDRAT, OMAR|C|2|REP|200|0|2641.96|0|2441.96|0|0|0|0|1332.06|0|0|0|CA|52||||||0|0|01/31/2019|0|0
H8CO03192|MITSCH BUSH, DIANE MS.|C|1|DEM|8186.16|0|12605.73|0|4419.57|0|4316.01|0|0|8800|0|0|1000|CO|03||||||0|0|02/22/2019|999.91|0
H0CO04197|MCCORKLE, ISAAC IAN|C|1|DEM|1238.77|0|619.25|0|0|619.52|593.77|0|0|0|0|0|645|CO|04||||||0|0|03/31/2019|0|0
H8CO04091|MCCORMICK, KAREN A DVM|C|1|DEM|0|0|23199.91|0|23199.91|0|0|0|0|0|0|0|0|CO|04||||||0|0|02/05/2019|0|0
H8CT02101|POSTEMSKI, DANNY FRANK MR JR|C|2|REP|0|0|0|0|0|0|0|0|0|0|0|0|0|CT|02||||||0|0|01/14/2019|0|0
H4DC00092|RIMENSNYDER, NELSON FREDERICK|C|2|REP|0|0|1157.35|1139.51|1798.67|641.32|0|0|0|0|0|0|0|DC|00||||||0|0|01/31/2019|0|0
H8FL01115|ZIMMERMAN, JENNIFER MIJARES DR.|C|1|DEM|0|0|0|0|0|0|0|0|0|0|0|7500|0|FL|01||||||0|0|02/02/2019|0|0
H8FL02105|PETERS, BRANDON S.|C|1|DEM|218|0|4522.53|0|4304.53|0|0|0|0|4522.53|0|.73|218|FL|03||||||0|0|01/29/2019|0|0
H8FL03038|HINSON, YVONNE HAYES MS|C|1|DEM|0|0|2447.97|0|0|-2447.97|0|0|0|0|0|0|0|FL|03||||||0|0|02/28/2019|0|0
H8FL07054|RICHARDSON, CHARDO|C|1|DEM|76.11|0|3041.11|0|2965|0|76.11|0|0|0|0|0|0|FL|07||||||0|0|01/25/2019|0|0
H8FL12096|PURKIS, ANGELIKA MRS.|C|3|NPA|0|0|0|0|-2091.66|-2091.66|0|0|0|0|0|0|0|FL|12||||||0|0|01/30/2019|0|0
H6FL13114|HUDSON, GEORGE T|O|2|REP|0|0|0|0|1036.15|1036.15|0|0|0|0|0|178232.26|0|FL|13||||||0|0|01/31/2019|0|0
H8FL15214|SHOEMAKER, ED|O|2|REP|0|0|0|0|0|0|0|0|0|0|0|0|0|FL|15||||||0|0|01/22/2019|0|0
H8FL16055|SHAPIRO, M. DAVID|C|1|DEM|324|0|2557.63|0|2233.63|0|0|0|0|1191.8|0|153808.2|0|FL|16||||||0|0|02/01/2019|0|0
H8FL16022|ROONEY, TOM MR.|I|2|REP|0|0|1909.2|0|1909.2|0|0|0|0|0|0|0|0|FL|17||||||0|0|01/21/2019|0|0
H8GA08092|ELLYSON, DANIEL EVAN|C|2|REP|0|0|0|0|437.58|437.58|0|0|0|0|0|0|0|GA|08||||||0|0|09/30/2019|0|0
H8GU01046|BROOKS, DORIS FLORES|C|2|REP|5600|0|17284.34|0|11684.34|0|5600|0|0|0|0|0|0|GU|00||||||0|0|01/31/2019|0|0
H8ID01215|MCNEIL, ANA|O|1|DEM|0|0|781.84|0|781.84|0|0|0|0|585.84|0|34.16|0|ID|01||||||0|0|02/28/2019|0|0
H0ID01253|LABRADOR, RAUL R. HON.|I|2|REP|0|0|1359.44|0|1359.44|0|0|0|0|0|0|0|0|ID|01||||||0|0|02/26/2019|0|0
H8IL04159|FLORES, SOL|O|1|DEM|0|0|5299.3|0|12209.43|6910.13|0|0|0|0|0|0|0|IL|04||||||0|0|02/16/2019|5299.3|0
H8IL04175|LORCH, MARK WAYNE|O|2|REP|0|0|0|0|0|0|0|0|0|0|0|0|0|IL|04||||||0|0|01/01/2019|0|0
H8IL09224|ELLESON, JOHN D|C|2|REP|0|0|0|0|0|0|0|0|0|0|0|0|0|IL|09||||||0|0|01/18/2019|0|0
H6IL12099|BARICEVIC, CHARLES JOHN|C|1|DEM|0|0|0|0|117.06|117.06|0|0|0|0|0|0|0|IL|12||||||0|0|01/02/2019|0|0
H8IL16120|DADY, SARA|C|1|DEM|2080|0|339.9|0|-16574.74|-14834.64|0|0|0|0|0|1000|2080|IL|16||||||0|0|03/31/2019|0|0
H6IN02155|COLEMAN, LYNN CARNELL|C|1|DEM|0|0|10997.56|0|10997.56|0|0|0|0|0|0|0|0|IN|02||||||0|0|03/05/2019|0|0
H6KS03241|SIDIE, JAY|C|1|DEM|0|0|0|0|0|0|0|0|0|0|0|0|0|KS|03||||||0|0|01/20/2019|0|0
H8KS03106|RAMSEY, ANDREA|C|1|DEM|0|0|14577.59|0|77340.02|62762.43|0|0|0|0|0|0|0|KS|03||||||0|0|02/14/2019|0|0
H8KS03114|NIERMANN, TOM|C|1|DEM|6267.08|0|6520.75|0|253.67|0|6267.08|0|0|0|0|0|0|KS|03||||||0|0|01/29/2019|0|0
H8KS03122|WELDER, BRENT|C|1|DEM|0|0|298.77|0|298.77|0|0|0|0|0|0|0|0|KS|03||||||0|0|01/22/2019|0|0
H8KY04169|HALL, SETH BLANE 1962|C|1|DEM|10120|0|1030|0|-100|8990|0|10000|0|0|0|0|120|KY|04||||||0|0|01/31/2019|0|0
H8MA03155|KERRIGAN, STEPHEN|O|1|DEM|0|0|11647.96|0|11647.96|0|0|0|0|0|0|0|0|MA|03||||||0|0|03/04/2019|0|0
H8MD06150|MANNO, ROGER|O|1|DEM|0|0|37154.82|0|37154.82|0|0|0|0|0|37154.82|0|0|MD|06||||||0|0|02/11/2019|0|0
H8MD06176|HASHIMI, NADIA DR|O|1|DEM|0|0|58995.76|0|58995.76|0|0|0|0|0|0|0|0|MD|06||||||0|0|01/31/2019|56266.2|0
H8ME02177|OLSON, CRAIG|C|1|DEM|0|0|0|0|0|0|0|0|0|0|0|0|0|ME|02||||||0|0|01/17/2019|0|0
H8MI09092|STEARNS, CANDIUS MRS.|O|2|REP|0|0|0|0|0|0|0|0|0|0|0|0|0|MI|09||||||0|0|01/16/2019|0|0
H6MI10193|PAVLOV, PHILLIP S.|O|2|REP|0|0|0|0|0|0|0|0|0|0|0|0|0|MI|10||||||0|0|01/02/2019|0|0
H8MI11262|SAAD, FAYROUZ|O|1|DEM|225|0|5100|0|4875|0|0|0|0|4330.18|0|0|225|MI|11||||||0|0|01/23/2019|0|0
H8MI11304|HABERMAN, DANIEL|O|1|DEM|0|0|0|0|-15572.82|-15572.82|0|0|0|0|0|10111.86|0|MI|11||||||0|0|09/30/2019|0|0
H8MI11346|GUPTA, SUNEEL|O|1|DEM|0|0|3730.36|0|3730.36|0|0|0|0|0|0|0|0|MI|11||||||0|0|03/11/2019|0|0
H8MI11320|EPSTEIN, LENA ROSE|O|2|REP|562.09|0|48520.11|0|47958.02|0|0|0|0|0|0|0|0|MI|11||||||0|0|03/31/2019|-5550|-200
H8MN05221|ANDERSON KELLIHER, MARGARET|O|1|DEM|0|0|0|0|0|0|0|0|0|0|0|0|0|MN|05||||||0|0|01/02/2019|0|0
H8MN05247|TORRES RAY, PATRICIA|O|1|DEM|0|0|3430.08|0|3430.08|0|0|0|0|0|0|0|0|MN|05||||||0|0|01/27/2019|0|0
H8MN08092|KENNEDY, KIRSTEN HAGEN|O|3|DFL|0|0|194.93|0|5165.18|4970.25|0|0|0|0|0|2398.88|0|MN|08||||||0|0|01/31/2019|0|0
H8MO02208|VANOSTRAN, CORT|C|1|DEM|1126.1|0|1341.83|0|215.73|0|0|0|0|0|0|0|0|MO|02||||||0|0|01/24/2019|0|0
H8MO04071|HOAGENSON, SUZANNE RENEE|C|1|DEM|41.23|0|8018.5|0|7977.27|0|0|0|0|0|0|0|0|MO|04||||||0|0|01/22/2019|0|0
H2MO05352|BURRIS, MICHAEL CRAIG||2|REP|0|0|0|0|0|0|0|0|0|0|0|1000|0|MO|05||||||0|0|02/01/2019|0|0
H8MO08098|ELLIS, KATHRYN GAIL|C|1|DEM|0|0|2958.99|0|2958.99|0|0|0|0|250|0|0|0|MO|08||||||0|0|01/30/2019|0|0
H8MS04438|ANDERSON, JERAMEY DEWAYNE|C|1|DEM|721.92|0|1237.78|0|515.86|0|721.92|0|0|0|0|0|0|MS|04||||||0|0|03/12/2019|0|0
H8NC02094|ROMLEY, KEN|C|1|DEM|0|0|0|0|0|0|0|0|0|0|0|0|0|NC|02||||||0|0|01/30/2019|0|0
H8NE01081|MCCLURE, JESSICA|C|1|DEM|0|0|0|0|0|0|0|0|0|0|0|0|0|NE|01||||||0|0|01/08/2019|0|0
H6NH02162|FLANAGAN, JACK|C|2|REP|0|0|0|0|682.52|682.52|0|0|0|0|0|9000|0|NH|02||||||0|0|03/31/2019|0|0
H8NM01323|SEDILLO LOPEZ, ANTOINETTE|O|1|DEM|0|0|0|0|0|0|0|0|0|0|0|0|0|NM|01||||||0|0|01/21/2019|0|0
H8NV03192|LOVE, JOHN DENNIS|O|1|DEM|0|0|0|0|0|0|0|0|0|0|0|0|0|NV|03||||||0|0|01/31/2019|0|0
H8NV03184|SEAMAN, VICTORIA|O|2|REP|0|0|12157.83|0|12157.83|0|0|0|0|0|0|0|0|NV|03||||||0|0|01/03/2019|0|0
H8NY01155|GERSHON, PERRY|C|1|DEM|2.09|0|155.68|0|153.59|0|0|0|0|0|0|0|0|NY|01||||||0|0|01/10/2019|138.18|0
H8NY01197|BROWNING, KATE M.|C|1|DEM|0|0|0|0|0|0|0|0|0|0|0|0|0|NY|01||||||0|0|01/29/2019|0|0
H6NY02124|GREGORY, DUWAYNE|C|1|DEM|0|0|0|0|0|0|0|0|0|0|0|0|0|NY|02||||||0|0|02/11/2019|0|0
H8NY03151|DEBONO, DAN|C|2|REP|0|0|50.84|0|50.84|0|0|0|0|0|0|0|0|NY|03||||||0|0|02/25/2019|0|0
H8NY17110|CIARDULLO, JOSEPH JOHN|C|3|REF|0|0|62.3|0|72.3|10|0|0|0|42.3|0|0|0|NY|17||||||0|0|03/31/2019|0|0
H8NY19173|FLYNN, BRIAN|C|1|DEM|0|0|3501.55|0|3501.55|0|0|0|0|3174.6|0|0|0|NY|19||||||0|0|02/10/2019|0|0
H8NY19249|NEAL, DIANE|C|3|NPA|0|0|17121.77|0|17121.77|0|0|0|0|16969.87|0|171210.73|0|NY|19||||||0|0|01/10/2019|0|0
H8NY21252|WILSON, KATIE|C|1|DEM|0|0|0|0|0|0|0|0|0|0|0|0|0|NY|21||||||0|0|01/17/2019|0|0
H8NY21260|MARTZ, EMILY|C|1|DEM|0|0|66.7|0|181.37|114.67|0|0|0|0|0|0|0|NY|21||||||0|0|01/30/2019|0|0
H8NY21328|IDLEMAN, SARA|C|1|DEM|0|0|3500|3500|3504|4|0|0|0|0|0|0|0|NY|21||||||0|0|02/28/2019|0|0
H6NY03031|SLAUGHTER, LOUISE|I|1|DEM|2155.4|0|207292.18|0|205136.78|0|0|0|0|0|0|0|0|NY|25||||||0|0|02/07/2019|0|0
H8NY26087|BELLAVIA, DAVID GREGORY|C|2|REP|0|0|6504.7|0|6504.7|0|0|0|0|6504.7|0|38495.3|0|NY|27||||||0|0|02/05/2019|0|0
H6OH09073|KUBALA, DIRK|C|3|LIB|0|0|0|0|0|0|0|0|0|0|0|0|0|OH|01||||||0|0|01/28/2019|0|0
H8OH12271|RUSSELL, JOHN|O|1|DEM|0|0|150|0|1186.28|1036.28|0|0|0|0|0|0|0|OH|12||||||0|0|02/04/2019|0|0
H8OK02163|MCINTOSH, ELIJAH|C|1|DEM|0|0|25.14|0|25.14|0|0|0|0|0|0|0|0|OK|02||||||0|0|03/31/2019|0|0
H8PA05261|ARATA, LARRY V MR. III|C|1|DEM|0|0|0|0|0|0|0|0|0|0|0|1000|0|PA|05||||||0|0|09/30/2019|0|0
H8PA05279|KIRKLAND, THADDEUS|C|1|DEM|0|0|0|0|-3439.86|-3439.86|0|0|0|0|0|5692.68|0|PA|05||||||0|0|01/31/2019|0|0
H8PA07168|CHAUNCEY, SHELLY WILSON|O|1|DEM|0|0|2229.34|0|-511.41|-2740.75|0|0|0|1114.67|0|2385.33|0|PA|05||||||0|0|03/31/2019|0|0
H8PA12101|LINSENMAYER, RAYMOND|C|1|DEM|0|0|0|0|0|0|0|0|0|0|0|0|0|PA|17||||||0|0|02/01/2019|0|0
H0PA04220|ROTHFUS, KEITH MR.|I|2|REP|0|0|0|0|0|0|0|0|0|0|0|0|0|PA|17||||||0|0|02/28/2019|0|0
H6RI02276|ARCHER, STEVEN|C|1|DEM|0|0|0|0|149.11|149.11|0|0|0|0|0|12368.06|0|RI|02||||||0|0|02/19/2019|0|0
H8SC01124|ARRINGTON, KATHERINE ELIZABETH|C|2|REP|25|0|988.98|0|963.98|0|0|0|0|817.13|0|0|25|SC|01||||||0|0|01/22/2019|100|0
H8SC04300|BROWN, BRANDON PENDARVIS|O|1|DEM|0|0|193.66|0|193.66|0|0|0|0|193.66|0|0|0|SC|04||||||0|0|01/15/2019|0|0
H8SC04375|BROWN, STEPHEN H MR|O|2|REP|0|0|0|0|-63.87|-63.87|0|0|0|0|0|101898|0|SC|04||||||0|0|02/04/2019|0|0
H2SC05052|SPRATT, JOHN MCKEE JR HON|I|1|DEM|2.48|0|11801.89|7656.89|11799.41|0|0|0|0|4000|0|0|0|SC|05||||||0|0|03/08/2019|0|0
H8SC05174|PARNELL, ARCHIE|C|1|DEM|0|0|12151.91|0|12151.91|0|0|0|0|12151.91|0|0|0|SC|05||||||0|0|02/04/2019|0|0
H8TN02176|HOYOS, RENEE|O|1|DEM|0|0|4219.11|0|4219.11|0|0|0|0|0|0|0|0|TN|02||||||0|0|01/31/2019|0|0
H6TN05322|SNYDER, STACY RIES|C|2|REP|0|0|0|0|0|0|0|0|0|0|0|0|0|TN|05||||||0|0|02/14/2019|0|0
H8TN08108|BOATNER, JOHN BURKE JR|C|1|DEM|0|0|0|0|1835|1835|0|0|0|0|0|0|0|TN|08||||||0|0|01/30/2019|0|0
H8TN09106|SMITH, KASANDRA LEE|C|1|DEM|0|0|10|0|2525|2515|0|0|0|0|0|5000|0|TN|09||||||0|0|02/12/2019|0|0
H8TX02109|WHITTAKER, MALCOLM EDWIN MR.|O|2|REP|0|0|0|0|0|0|0|0|0|0|0|0|0|TX|02||||||0|0|01/29/2019|0|0
H8TX02182|HAVENS, JONATHAN MR.|O|2|REP|4500|0|4500|0|0|0|0|0|0|4500|0|0|0|TX|02||||||0|4500|02/13/2019|0|0
H8TX07116|MOSER, LAURA|C|1|DEM|96.74|0|173.5|0|76.76|0|0|0|0|0|0|0|0|TX|07||||||0|0|01/09/2019|0|0
H8TX14120|BELL, ADRIENNE|C|1|DEM|26|0|5126.17|0|5100.17|0|0|0|0|0|0|0|26|TX|14||||||0|0|01/20/2019|25|0
H8TX19111|LEVARIO, MIGUEL ANTONIO MR. PHD|C|1|DEM|0|0|0|0|0|0|0|0|0|0|0|0|0|TX|19||||||0|0|03/03/2019|0|0
H4TX19185|MAY, DONALD ROBERT LEE|O|2|REP|0|0|103.33|0|103.33|0|0|0|0|103.33|0|179984.2|0|TX|19||||||0|0|02/01/2019|0|0
H8TX21174|PERRI, CHRISTOPHER MICHAEL|C|1|DEM|0|0|1380.73|0|1380.73|0|0|0|0|1372.73|0|0|0|TX|25||||||0|0|01/31/2019|0|0
H8TX25159|OLIVER, JULIE LYNN|C|1|DEM|0|0|0|0|0|0|0|0|0|0|0|2644.27|0|TX|25||||||0|0|01/01/2019|0|0
H8TX29094|ARONOFF, PHILLIP ARNOLD|O|2|REP|0|0|57.44|0|57.44|0|0|0|0|0|0|57.44|0|TX|29||||||0|0|02/04/2019|0|0
H8UT01158|CASTILLO, LEE MR|C|1|DEM|0|0|0|0|0|0|0|0|0|0|0|0|0|UT|01||||||0|0|01/31/2019|0|0
H6VA05142|GARRETT, THOMAS ALEXANDER MR. JR.|I|2|REP|.03|0|3555.47|0|4730.43|1174.99|0|0|0|0|0|0|0|VA|05||||||0|0|01/31/2019|0|0
H8VA07128|WALTON, JOSEPH BUCKLER|C|3|LIB|0|0|386.38|0|386.38|0|0|0|0|356.43|0|0|0|VA|07||||||0|0|01/31/2019|0|0
H8VA08159|OH, THOMAS|C|2|REP|0|0|165.38|0|165.38|0|0|0|0|0|0|0|0|VA|08||||||0|0|01/15/2019|0|0
H8VA10155|HILL, SHAK|C|2|REP|0|0|0|0|0|0|0|0|0|0|0|0|0|VA|10||||||0|0|01/22/2019|0|0
H8VT01065|TYNIO, NATASHA ANYA|C|2|REP|0|0|0|0|6.81|6.81|0|0|0|0|0|0|0|VT|00||||||0|0|01/31/2019|0|0
H8WA04089|BROWN, CHRISTINE CAROL|C|1|DEM|12.7|0|7138.04|0|8465.75|1340.41|0|0|0|0|0|0|0|WA|04||||||0|0|03/12/2019|0|0
H8WA08239|HADER, SHANNON|O|1|DEM|3073.18|0|20607.63|0|17534.45|0|0|0|0|19694.69|0|0|0|WA|08||||||0|0|02/06/2019|0|0
H8WV01075|FERSHEE, KENDRA JEAN HUARD|C|1|DEM|2165.17|0|9001.54|0|6836.37|0|0|0|0|1457.92|0|5088.43|551|WV|01||||||0|0|01/31/2019|0|0
H8WV02107|SCHEINBERG, AARON|C|1|DEM|4000|0|65767.35|0|61767.35|0|0|0|0|2000|0|0|0|WV|02||||||4000|0|02/07/2019|60051.85|0
H8WV03089|WILLIAMS, STEVE|O|1|DEM|0|0|0|0|0|0|0|0|0|0|0|0|0|WV|03||||||0|0|01/16/2019|0|0
P20005229|SHREFFLER, DOUG|C|1|DEM|0|0|4500|0|0|-4500|0|0|0|0|0|0|0|00|00||||||0|0|09/30/2019|0|0
P60006244|QUARTEY, MARY AKU|C|1|DEM|0|0|0|0|200|0|0|100000|0|0|0|0|0|00|00||||||0|0|02/14/2019|0|0
P60007671|O'MALLEY, MARTIN JOSEPH|O|1|DEM|0|0|6297|0|6297|0|0|0|0|0|0|0|0|00|00||||||0|0|01/28/2019|0|0
P00009167|BRAINARD, CHRISTOPHER|C|2|REP|101005|0|0|0|0|101005|5|101000|0|0|0|101000|0|00|00||||||0|0|03/31/2019|0|0
P00005363|SRAIL, JAMES RYAN MR.|C|3|IND|0|0|0|0|0|0|0|0|0|0|0|0|0|00|00||||||0|0|03/17/2019|0|0
P00008219|PRIDMORE, JAY P|C|3|NPA|0|0|0|0|0|0|0|0|0|0|0|0|0|00|00||||||0|0|01/17/2019|0|0
S6CA00873|STOKES, STEVE|C|1|DEM|51.88|0|153.32|0|135.39|33.95|0|0|0|0|0|0|51.88|CA|00||||||0|0|02/14/2019|0|0
S6IL00342|HARRIS, NAPOLEON|C|1|DEM|0|0|0|0|0|0|0|0|0|0|0|0|0|IL|00||||||0|0|03/15/2019|0|0
S8MD00260|MANNING, CHELSEA ELIZABETH|C|1|DEM|60|0|60|0|0|0|60|0|0|0|0|0|0|MD|00||||||0|0|01/31/2019|10|0
S8MD00393|PUSKAR, MICHAEL B|C|3|OTH|0|0|0|0|0|0|0|0|0|0|0|0|0|MD|00||||||0|0|01/23/2019|0|0
S8MI00356|EPSTEIN, LENA ROSE|C|2|REP|562.09|0|48520.11|0|47958.02|0|0|0|0|0|0|0|0|MI|00||||||0|0|03/31/2019|-5550|-200
S8MO00202|O''DEAR, CRAIG S|C|3|IND|195|0|12796.72|0|12601.72|0|0|0|0|7388.56|0|0|0|MO|00||||||0|0|02/04/2019|0|0
S8NJ00285|SABRIN, MURRAY|C|3|LIB|234|0|1085|0|850|0|134|0|0|0|0|0|100|NJ|00||||||0|0|01/31/2019|0|0
S8NM00226|JOHNSON, GARY|C|3|LIB|3089.32|0|3704.1|0|614.78|0|0|0|0|0|0|0|3089.32|NM|00||||||0|0|01/30/2019|0|0
S6NY00250|PIRRO, JEANINE F|C|2|REP|0|0|19458|0|19458|0|0|0|0|0|0|0|0|NY|00||||||0|0|02/11/2019|0|0
S6OH00254|STRICKLAND, TED|C|1|DEM|4773.99|0|8069.99|0|3296|0|0|0|0|0|0|0|0|OH|00||||||0|0|01/23/2019|0|0
S8RI00151|DE LA FUENTE, ROQUE ROCKY|C|2|REP|16077|0|68315.86|0|52238.86|0|0|16077|0|9641.24|0|81435.76|0|RI|00||||||0|0|01/28/2019|0|0
S8RI00177|COSTA, MICHAEL|C|3|IND|-900|0|-900|0|0|0|0|0|0|0|0|0|-900|RI|00||||||0|0|01/17/2019|0|0
