H8CA48076|KEIRSTEAD, HANS|C|1|DEM|0|0|103906.72|0|103906.72|0|0|0|0|17240.59|0|0|0|CA|48||||||0|0|02/04/2019|0|0
H6CA48245|BAUGH, SCOTT|C|2|REP|59503.16|0|123711.47|0|64208.31|0|6.61|0|0|2000|0|0|57700|CA|48||||||0|0|03/31/2019|114400|0
H0CO04197|MCCORKLE, ISAAC IAN|C|1|DEM|1238.77|0|619.25|0|0|619.52|593.77|0|0|0|0|0|645|CO|04||||||0|0|03/31/2019|0|0
H8FL02105|PETERS, BRANDON S.|C|1|DEM|218|0|4522.53|0|4304.53|0|0|0|0|4522.53|0|.73|218|FL|03||||||0|0|01/29/2019|0|0
H8GA08092|ELLYSON, DANIEL EVAN|C|2|REP|0|0|0|0|437.58|437.58|0|0|0|0|0|0|0|GA|08||||||0|0|09/30/2019|0|0
P20005229|SHREFFLER, DOUG|C|1|DEM|0|0|4500|0|0|-4500|0|0|0|0|0|0|0|00|00||||||0|0|09/30/2019|0|0
P60006244|QUARTEY, MARY AKU|C|1|DEM|0|0|0|0|200|0|0|100000|0|0|0|0|0|00|00||||||0|0|02/14/2019|0|0
P60007671|O'MALLEY, MARTIN JOSEPH|O|1|DEM|0|0|6297|0|6297|0|0|0|0|0|0|0|0|00|00||||||0|0|01/28/2019|0|0
P00009167|BRAINARD, CHRISTOPHER|C|2|REP|101005|0|0|0|0|101005|5|101000|0|0|0|101000|0|00|00||||||0|0|03/31/2019|0|0
P00005363|SRAIL, JAMES RYAN MR.|C|3|IND|0|0|0|0|0|0|0|0|0|0|0|0|0|00|00||||||0|0|03/17/2019|0|0
P00008219|PRIDMORE, JAY P|C|3|NPA|0|0|0|0|0|0|0|0|0|0|0|0|0|00|00||||||0|0|01/17/2019|0|0
